(0, 0) 18
(0, 1) 6
(0, 2) 9
(0, 3) 3
(0, 4) 21
(0, 5) 12
(0, 6) 9
(0, 7) 31
(0, 8) 5
(0, 9) 46
(0, 10) 29
(0, 11) 13
(0, 12) 34
(0, 13) 2
(0, 14) 6
(1, 0) 6
(1, 1) 13
(1, 2) 16
(1, 3) 3
(1, 4) 16
(1, 5) 27
(1, 6) 26
(1, 7) 29
(1, 8) 8
(1, 9) 9
(1, 10) 1
(1, 11) 2
(1, 12) 2
(1, 13) 1
(1, 14) 7
(2, 0) 20
(2, 1) 13
(2, 2) 28
(2, 3) 13
(2, 4) 20
(2, 5) 22
(2, 6) 16
(2, 7) 17
(2, 8) 20
(2, 9) 9
(2, 10) 2
(2, 11) 17
(2, 12) 9
(2, 13) 16
(2, 14) 22
(3, 0) 16
(3, 1) 3
(3, 2) 16
(3, 3) 13
(3, 4) 6
(3, 5) 7
(3, 6) 1
(3, 7) 2
(3, 8) 8
(3, 9) 2
(3, 10) 1
(3, 11) 29
(3, 12) 9
(3, 13) 26
(3, 14) 27
(4, 0) 21
(4, 1) 3
(4, 2) 9
(4, 3) 6
(4, 4) 18
(4, 5) 6
(4, 6) 2
(4, 7) 13
(4, 8) 5
(4, 9) 34
(4, 10) 29
(4, 11) 31
(4, 12) 46
(4, 13) 9
(4, 14) 12
(5, 0) 13
(5, 1) 14
(5, 2) 22
(5, 3) 8
(5, 4) 19
(5, 5) 28
(5, 6) 27
(5, 7) 29
(5, 8) 16
(5, 9) 12
(5, 10) 2
(5, 11) 8
(5, 12) 6
(5, 13) 7
(5, 14) 13
(6, 0) 8
(6, 1) 10
(6, 2) 13
(6, 3) 4
(6, 4) 11
(6, 5) 14
(6, 6) 13
(6, 7) 13
(6, 8) 10
(6, 9) 6
(6, 10) 1
(6, 11) 4
(6, 12) 3
(6, 13) 3
(6, 14) 8
(7, 0) 23
(7, 1) 4
(7, 2) 17
(7, 3) 13
(7, 4) 14
(7, 5) 8
(7, 6) 2
(7, 7) 7
(7, 8) 11
(7, 9) 13
(7, 10) 9
(7, 11) 46
(7, 12) 31
(7, 13) 29
(7, 14) 29
(8, 0) 9
(8, 1) 1
(8, 2) 2
(8, 3) 1
(8, 4) 9
(8, 5) 2
(8, 6) 1
(8, 7) 9
(8, 8) 1
(8, 9) 29
(8, 10) 26
(8, 11) 9
(8, 12) 29
(8, 13) 1
(8, 14) 2
(9, 0) 24
(9, 1) 8
(9, 2) 20
(9, 3) 11
(9, 4) 18
(9, 5) 13
(9, 6) 6
(9, 7) 14
(9, 8) 14
(9, 9) 18
(9, 10) 9
(9, 11) 23
(9, 12) 21
(9, 13) 16
(9, 14) 19
(10, 0) 14
(10, 1) 10
(10, 2) 20
(10, 3) 10
(10, 4) 14
(10, 5) 16
(10, 6) 8
(10, 7) 11
(10, 8) 16
(10, 9) 5
(10, 10) 1
(10, 11) 11
(10, 12) 5
(10, 13) 8
(10, 14) 16
(11, 0) 14
(11, 1) 13
(11, 2) 17
(11, 3) 4
(11, 4) 23
(11, 5) 29
(11, 6) 29
(11, 7) 46
(11, 8) 11
(11, 9) 31
(11, 10) 9
(11, 11) 7
(11, 12) 13
(11, 13) 2
(11, 14) 8
(12, 0) 18
(12, 1) 11
(12, 2) 20
(12, 3) 8
(12, 4) 24
(12, 5) 19
(12, 6) 16
(12, 7) 23
(12, 8) 14
(12, 9) 21
(12, 10) 9
(12, 11) 14
(12, 12) 18
(12, 13) 6
(12, 14) 13
(13, 0) 11
(13, 1) 4
(13, 2) 13
(13, 3) 10
(13, 4) 8
(13, 5) 8
(13, 6) 3
(13, 7) 4
(13, 8) 10
(13, 9) 3
(13, 10) 1
(13, 11) 13
(13, 12) 6
(13, 13) 13
(13, 14) 14
(14, 0) 19
(14, 1) 8
(14, 2) 22
(14, 3) 14
