(0, 0, 0) 102
(0, 0, 1) 59
(0, 0, 2) 50
(0, 0, 3) 30
(0, 0, 4) 96
(0, 0, 5) 53
(0, 0, 6) 56
(0, 0, 7) 140
(0, 0, 8) 29
(0, 0, 9) 222
(0, 0, 10) 168
(0, 0, 11) 66
(0, 0, 12) 141
(0, 0, 13) 11
(0, 0, 14) 24
(0, 1, 0) 27
(0, 1, 1) 75
(0, 1, 2) 72
(0, 1, 3) 17
(0, 1, 4) 56
(0, 1, 5) 100
(0, 1, 6) 97
(0, 1, 7) 121
(0, 1, 8) 29
(0, 1, 9) 36
(0, 1, 10) 9
(0, 1, 11) 12
(0, 1, 12) 10
(0, 1, 13) 4
(0, 1, 14) 37
(0, 2, 0) 60
(0, 2, 1) 40
(0, 2, 2) 104
(0, 2, 3) 47
(0, 2, 4) 52
(0, 2, 5) 87
(0, 2, 6) 33
(0, 2, 7) 46
(0, 2, 8) 51
(0, 2, 9) 26
(0, 2, 10) 12
(0, 2, 11) 60
(0, 2, 12) 33
(0, 2, 13) 47
(0, 2, 14) 88
(0, 3, 0) 31
(0, 3, 1) 7
(0, 3, 2) 52
(0, 3, 3) 40
(0, 3, 4) 14
(0, 3, 5) 30
(0, 3, 6) 3
(0, 3, 7) 6
(0, 3, 8) 17
(0, 3, 9) 6
(0, 3, 10) 3
(0, 3, 11) 71
(0, 3, 12) 20
(0, 3, 13) 68
(0, 3, 14) 76
(0, 4, 0) 104
(0, 4, 1) 26
(0, 4, 2) 76
(0, 4, 3) 90
(0, 4, 4) 109
(0, 4, 5) 18
(0, 4, 6) 6
(0, 4, 7) 49
(0, 4, 8) 36
(0, 4, 9) 116
(0, 4, 10) 110
(0, 4, 11) 168
(0, 4, 12) 261
(0, 4, 13) 120
(0, 4, 14) 96
(0, 5, 0) 58
(0, 5, 1) 57
(0, 5, 2) 99
(0, 5, 3) 47
(0, 5, 4) 78
(0, 5, 5) 134
(0, 5, 6) 77
(0, 5, 7) 101
(0, 5, 8) 57
(0, 5, 9) 46
(0, 5, 10) 15
(0, 5, 11) 51
(0, 5, 12) 32
(0, 5, 13) 29
(0, 5, 14) 69
(0, 6, 0) 48
(0, 6, 1) 86
(0, 6, 2) 87
(0, 6, 3) 26
(0, 6, 4) 58
(0, 6, 5) 78
(0, 6, 6) 60
(0, 6, 7) 113
(0, 6, 8) 48
(0, 6, 9) 36
(0, 6, 10) 13
(0, 6, 11) 33
(0, 6, 12) 20
(0, 6, 13) 16
(0, 6, 14) 55
(0, 7, 0) 161
(0, 7, 1) 52
(0, 7, 2) 131
(0, 7, 3) 101
(0, 7, 4) 116
(0, 7, 5) 43
(0, 7, 6) 12
(0, 7, 7) 73
(0, 7, 8) 79
(0, 7, 9) 122
(0, 7, 10) 165
(0, 7, 11) 355
(0, 7, 12) 243
(0, 7, 13) 162
(0, 7, 14) 167
(0, 8, 0) 34
(0, 8, 1) 8
(0, 8, 2) 10
(0, 8, 3) 5
(0, 8, 4) 26
(0, 8, 5) 10
(0, 8, 6) 8
(0, 8, 7) 31
(0, 8, 8) 5
(0, 8, 9) 103
(0, 8, 10) 88
(0, 8, 11) 24
(0, 8, 12) 84
(0, 8, 13) 3
(0, 8, 14) 6
(0, 9, 0) 271
(0, 9, 1) 103
(0, 9, 2) 191
(0, 9, 3) 79
(0, 9, 4) 142
(0, 9, 5) 96
(0, 9, 6) 43
(0, 9, 7) 165
(0, 9, 8) 104
(0, 9, 9) 222
(0, 9, 10) 222
(0, 9, 11) 377
(0, 9, 12) 261
(0, 9, 13) 162
(0, 9, 14) 185
(0, 10, 0) 141
(0, 10, 1) 148
(0, 10, 2) 211
(0, 10, 3) 108
(0, 10, 4) 172
(0, 10, 5) 173
(0, 10, 6) 102
