1
10
48
142
319
606
1030
1618
2397
3394
4636
6150
7963
10102
12594
15466
18745
22458
26632
31294
36471
42190
48478
55362
62869
71026
79860
89398
99667
110694
122506
135130
148593
162922
178144
194286
211375
229438
248502
268594
289741
311970
335308
359782
385419
412246
440290
469578
500137
531994
565176
599710
635623
672942
711694
751906
793605
836818
881572
927894
975811
1025350
1076538
1129402
1183969
1240266
1298320
1358158
1419807
1483294
1548646
1615890
1685053
1756162
1829244
1904326
1981435
2060598
