(1, 1, 1, 1, 1) True
(1, 1, 1, 1, 2) True
(1, 1, 1, 1, 3) True
(1, 1, 1, 1, 4) True
(1, 1, 1, 2, 1) True
(1, 1, 1, 2, 2) True
(1, 1, 1, 2, 3) True
(1, 1, 1, 2, 4) True
(1, 1, 1, 3, 1) True
(1, 1, 1, 3, 2) True
(1, 1, 1, 3, 3) True
(1, 1, 1, 3, 4) True
(1, 1, 1, 4, 1) True
(1, 1, 1, 4, 2) True
(1, 1, 1, 4, 3) True
(1, 1, 1, 4, 4) True
(1, 1, 2, 1, 1) True
(1, 1, 2, 1, 2) True
(1, 1, 2, 1, 3) True
(1, 1, 2, 1, 4) True
(1, 1, 2, 2, 1) True
(1, 1, 2, 2, 2) True
(1, 1, 2, 2, 3) True
(1, 1, 2, 2, 4) True
(1, 1, 2, 3, 1) True
(1, 1, 2, 3, 2) True
(1, 1, 2, 3, 3) True
(1, 1, 2, 3, 4) True
(1, 1, 2, 4, 1) True
(1, 1, 2, 4, 2) True
(1, 1, 2, 4, 3) True
(1, 1, 2, 4, 4) True
(1, 1, 3, 1, 1) True
(1, 1, 3, 1, 2) True
(1, 1, 3, 1, 3) True
(1, 1, 3, 1, 4) True
(1, 1, 3, 2, 1) True
(1, 1, 3, 2, 2) True
(1, 1, 3, 2, 3) True
(1, 1, 3, 2, 4) True
(1, 1, 3, 3, 1) True
(1, 1, 3, 3, 2) True
(1, 1, 3, 3, 3) True
(1, 1, 3, 3, 4) True
(1, 1, 3, 4, 1) True
(1, 1, 3, 4, 2) True
(1, 1, 3, 4, 3) True
(1, 1, 3, 4, 4) True
(1, 1, 4, 1, 1) True
(1, 1, 4, 1, 2) True
(1, 1, 4, 1, 3) True
(1, 1, 4, 1, 4) True
(1, 1, 4, 2, 1) True
(1, 1, 4, 2, 2) True
(1, 1, 4, 2, 3) True
(1, 1, 4, 2, 4) True
(1, 1, 4, 3, 1) True
(1, 1, 4, 3, 2) True
(1, 1, 4, 3, 3) True
(1, 1, 4, 3, 4) True
(1, 1, 4, 4, 1) True
(1, 1, 4, 4, 2) True
(1, 1, 4, 4, 3) True
(1, 1, 4, 4, 4) True
(1, 2, 1, 1, 1) True
(1, 2, 1, 1, 2) True
(1, 2, 1, 1, 3) True
(1, 2, 1, 1, 4) True
(1, 2, 1, 2, 1) True
(1, 2, 1, 2, 2) True
(1, 2, 1, 2, 3) True
(1, 2, 1, 2, 4) True
(1, 2, 1, 3, 1) True
(1, 2, 1, 3, 2) True
(1, 2, 1, 3, 3) True
(1, 2, 1, 3, 4) True
(1, 2, 1, 4, 1) True
(1, 2, 1, 4, 2) True
(1, 2, 1, 4, 3) True
(1, 2, 1, 4, 4) True
(1, 2, 2, 1, 1) True
(1, 2, 2, 1, 2) True
(1, 2, 2, 1, 3) True
(1, 2, 2, 1, 4) True
(1, 2, 2, 2, 1) True
(1, 2, 2, 2, 2) True
(1, 2, 2, 2, 3) True
(1, 2, 2, 2, 4) True
(1, 2, 2, 3, 1) True
(1, 2, 2, 3, 2) True
(1, 2, 2, 3, 3) True
(1, 2, 2, 3, 4) True
(1, 2, 2, 4, 1) True
(1, 2, 2, 4, 2) True
(1, 2, 2, 4, 3) True
(1, 2, 2, 4, 4) True
(1, 2, 3, 1, 1) True
(1, 2, 3, 1, 2) False
(1, 2, 3, 1, 3) True
(1, 2, 3, 1, 4) False
(1, 2, 3, 2, 1) True
(1, 2, 3, 2, 2) True
(1, 2, 3, 2, 3) True
(1, 2, 3, 2, 4) True
(1, 2, 3, 3, 1) True
(1, 2, 3, 3, 2) True
(1, 2, 3, 3, 3) True
(1, 2, 3, 3, 4) True
(1, 2, 3, 4, 1) True
(1, 2, 3, 4, 2) True
(1, 2, 3, 4, 3) True
(1, 2, 3, 4, 4) True
(1, 2, 4, 1, 1) True
(1, 2, 4, 1, 2) True
(1, 2, 4, 1, 3) True
(1, 2, 4, 1, 4) True
(1, 2, 4, 2, 1) True
(1, 2, 4, 2, 2) True
(1, 2, 4, 2, 3) True
(1, 2, 4, 2, 4) True
(1, 2, 4, 3, 1) True
(1, 2, 4, 3, 2) True
(1, 2, 4, 3, 3) True
(1, 2, 4, 3, 4) True
(1, 2, 4, 4, 1) True
(1, 2, 4, 4, 2) True
(1, 2, 4, 4, 3) True
(1, 2, 4, 4, 4) True
(1, 3, 1, 1, 1) True
(1, 3, 1, 1, 2) True
(1, 3, 1, 1, 3) True
(1, 3, 1, 1, 4) True
(1, 3, 1, 2, 1) True
(1, 3, 1, 2, 2) True
(1, 3, 1, 2, 3) True
(1, 3, 1, 2, 4) True
(1, 3, 1, 3, 1) True
(1, 3, 1, 3, 2) True
(1, 3, 1, 3, 3) True
(1, 3, 1, 3, 4) True
(1, 3, 1, 4, 1) True
(1, 3, 1, 4, 2) True
(1, 3, 1, 4, 3) True
(1, 3, 1, 4, 4) True
(1, 3, 2, 1, 1) True
(1, 3, 2, 1, 2) True
(1, 3, 2, 1, 3) True
(1, 3, 2, 1, 4) True
(1, 3, 2, 2, 1) True
(1, 3, 2, 2, 2) True
(1, 3, 2, 2, 3) True
(1, 3, 2, 2, 4) True
(1, 3, 2, 3, 1) True
(1, 3, 2, 3, 2) True
(1, 3, 2, 3, 3) True
(1, 3, 2, 3, 4) True
(1, 3, 2, 4, 1) True
(1, 3, 2, 4, 2) True
(1, 3, 2, 4, 3) True
(1, 3, 2, 4, 4) True
(1, 3, 3, 1, 1) True
(1, 3, 3, 1, 2) True
(1, 3, 3, 1, 3) True
(1, 3, 3, 1, 4) True
(1, 3, 3, 2, 1) True
(1, 3, 3, 2, 2) True
(1, 3, 3, 2, 3) True
(1, 3, 3, 2, 4) True
(1, 3, 3, 3, 1) True
(1, 3, 3, 3, 2) True
(1, 3, 3, 3, 3) True
(1, 3, 3, 3, 4) True
(1, 3, 3, 4, 1) True
(1, 3, 3, 4, 2) True
(1, 3, 3, 4, 3) True
(1, 3, 3, 4, 4) True
(1, 3, 4, 1, 1) True
(1, 3, 4, 1, 2) True
(1, 3, 4, 1, 3) True
(1, 3, 4, 1, 4) True
(1, 3, 4, 2, 1) True
(1, 3, 4, 2, 2) True
(1, 3, 4, 2, 3) True
(1, 3, 4, 2, 4) True
(1, 3, 4, 3, 1) True
(1, 3, 4, 3, 2) True
(1, 3, 4, 3, 3) True
(1, 3, 4, 3, 4) True
(1, 3, 4, 4, 1) True
(1, 3, 4, 4, 2) True
(1, 3, 4, 4, 3) True
(1, 3, 4, 4, 4) True
(1, 4, 1, 1, 1) True
(1, 4, 1, 1, 2) True
(1, 4, 1, 1, 3) True
(1, 4, 1, 1, 4) True
(1, 4, 1, 2, 1) True
(1, 4, 1, 2, 2) True
(1, 4, 1, 2, 3) True
(1, 4, 1, 2, 4) True
(1, 4, 1, 3, 1) True
(1, 4, 1, 3, 2) True
(1, 4, 1, 3, 3) True
(1, 4, 1, 3, 4) True
(1, 4, 1, 4, 1) True
(1, 4, 1, 4, 2) True
(1, 4, 1, 4, 3) True
(1, 4, 1, 4, 4) True
(1, 4, 2, 1, 1) True
(1, 4, 2, 1, 2) True
(1, 4, 2, 1, 3) True
(1, 4, 2, 1, 4) True
(1, 4, 2, 2, 1) True
(1, 4, 2, 2, 2) True
(1, 4, 2, 2, 3) True
(1, 4, 2, 2, 4) True
(1, 4, 2, 3, 1) True
(1, 4, 2, 3, 2) True
(1, 4, 2, 3, 3) True
(1, 4, 2, 3, 4) True
(1, 4, 2, 4, 1) True
(1, 4, 2, 4, 2) True
(1, 4, 2, 4, 3) True
(1, 4, 2, 4, 4) True
(1, 4, 3, 1, 1) True
(1, 4, 3, 1, 2) False
(1, 4, 3, 1, 3) True
(1, 4, 3, 1, 4) False
(1, 4, 3, 2, 1) True
(1, 4, 3, 2, 2) True
(1, 4, 3, 2, 3) True
(1, 4, 3, 2, 4) True
(1, 4, 3, 3, 1) True
(1, 4, 3, 3, 2) True
(1, 4, 3, 3, 3) True
(1, 4, 3, 3, 4) True
(1, 4, 3, 4, 1) True
(1, 4, 3, 4, 2) True
(1, 4, 3, 4, 3) True
(1, 4, 3, 4, 4) True
(1, 4, 4, 1, 1) True
(1, 4, 4, 1, 2) True
(1, 4, 4, 1, 3) True
(1, 4, 4, 1, 4) True
(1, 4, 4, 2, 1) True
(1, 4, 4, 2, 2) True
(1, 4, 4, 2, 3) True
(1, 4, 4, 2, 4) True
(1, 4, 4, 3, 1) True
(1, 4, 4, 3, 2) True
(1, 4, 4, 3, 3) True
(1, 4, 4, 3, 4) True
(1, 4, 4, 4, 1) True
(1, 4, 4, 4, 2) True
(1, 4, 4, 4, 3) True
(1, 4, 4, 4, 4) True
(2, 1, 1, 1, 1) True
(2, 1, 1, 1, 2) True
(2, 1, 1, 1, 3) True
(2, 1, 1, 1, 4) True
(2, 1, 1, 2, 1) True
(2, 1, 1, 2, 2) True
(2, 1, 1, 2, 3) True
(2, 1, 1, 2, 4) True
(2, 1, 1, 3, 1) True
(2, 1, 1, 3, 2) True
(2, 1, 1, 3, 3) True
(2, 1, 1, 3, 4) True
(2, 1, 1, 4, 1) True
(2, 1, 1, 4, 2) True
(2, 1, 1, 4, 3) True
(2, 1, 1, 4, 4) True
(2, 1, 2, 1, 1) True
(2, 1, 2, 1, 2) True
(2, 1, 2, 1, 3) True
(2, 1, 2, 1, 4) True
(2, 1, 2, 2, 1) True
(2, 1, 2, 2, 2) True
(2, 1, 2, 2, 3) True
(2, 1, 2, 2, 4) True
(2, 1, 2, 3, 1) True
(2, 1, 2, 3, 2) True
(2, 1, 2, 3, 3) True
(2, 1, 2, 3, 4) True
(2, 1, 2, 4, 1) True
(2, 1, 2, 4, 2) True
(2, 1, 2, 4, 3) True
(2, 1, 2, 4, 4) True
(2, 1, 3, 1, 1) True
(2, 1, 3, 1, 2) False
(2, 1, 3, 1, 3) True
(2, 1, 3, 1, 4) False
(2, 1, 3, 2, 1) True
(2, 1, 3, 2, 2) True
(2, 1, 3, 2, 3) True
(2, 1, 3, 2, 4) True
(2, 1, 3, 3, 1) True
(2, 1, 3, 3, 2) True
(2, 1, 3, 3, 3) True
(2, 1, 3, 3, 4) True
(2, 1, 3, 4, 1) True
(2, 1, 3, 4, 2) True
(2, 1, 3, 4, 3) True
(2, 1, 3, 4, 4) True
(2, 1, 4, 1, 1) True
(2, 1, 4, 1, 2) True
(2, 1, 4, 1, 3) True
(2, 1, 4, 1, 4) True
(2, 1, 4, 2, 1) True
(2, 1, 4, 2, 2) True
(2, 1, 4, 2, 3) True
(2, 1, 4, 2, 4) True
(2, 1, 4, 3, 1) True
(2, 1, 4, 3, 2) True
(2, 1, 4, 3, 3) True
(2, 1, 4, 3, 4) True
(2, 1, 4, 4, 1) True
(2, 1, 4, 4, 2) True
(2, 1, 4, 4, 3) True
(2, 1, 4, 4, 4) True
(2, 2, 1, 1, 1) True
(2, 2, 1, 1, 2) True
(2, 2, 1, 1, 3) True
(2, 2, 1, 1, 4) True
(2, 2, 1, 2, 1) True
(2, 2, 1, 2, 2) True
(2, 2, 1, 2, 3) True
(2, 2, 1, 2, 4) True
(2, 2, 1, 3, 1) True
(2, 2, 1, 3, 2) True
(2, 2, 1, 3, 3) True
(2, 2, 1, 3, 4) True
(2, 2, 1, 4, 1) True
(2, 2, 1, 4, 2) True
(2, 2, 1, 4, 3) True
(2, 2, 1, 4, 4) True
(2, 2, 2, 1, 1) True
(2, 2, 2, 1, 2) True
(2, 2, 2, 1, 3) True
(2, 2, 2, 1, 4) True
(2, 2, 2, 2, 1) True
(2, 2, 2, 2, 2) True
(2, 2, 2, 2, 3) True
(2, 2, 2, 2, 4) True
(2, 2, 2, 3, 1) True
(2, 2, 2, 3, 2) True
(2, 2, 2, 3, 3) True
(2, 2, 2, 3, 4) True
(2, 2, 2, 4, 1) True
(2, 2, 2, 4, 2) True
(2, 2, 2, 4, 3) True
(2, 2, 2, 4, 4) True
(2, 2, 3, 1, 1) True
(2, 2, 3, 1, 2) False
(2, 2, 3, 1, 3) True
(2, 2, 3, 1, 4) False
(2, 2, 3, 2, 1) True
(2, 2, 3, 2, 2) True
(2, 2, 3, 2, 3) True
(2, 2, 3, 2, 4) True
(2, 2, 3, 3, 1) True
(2, 2, 3, 3, 2) True
(2, 2, 3, 3, 3) True
(2, 2, 3, 3, 4) True
(2, 2, 3, 4, 1) True
(2, 2, 3, 4, 2) True
(2, 2, 3, 4, 3) True
(2, 2, 3, 4, 4) True
(2, 2, 4, 1, 1) True
(2, 2, 4, 1, 2) True
(2, 2, 4, 1, 3) True
(2, 2, 4, 1, 4) True
(2, 2, 4, 2, 1) True
(2, 2, 4, 2, 2) True
(2, 2, 4, 2, 3) True
(2, 2, 4, 2, 4) True
(2, 2, 4, 3, 1) True
(2, 2, 4, 3, 2) True
(2, 2, 4, 3, 3) True
(2, 2, 4, 3, 4) True
(2, 2, 4, 4, 1) True
(2, 2, 4, 4, 2) True
(2, 2, 4, 4, 3) True
(2, 2, 4, 4, 4) True
(2, 3, 1, 1, 1) True
(2, 3, 1, 1, 2) True
(2, 3, 1, 1, 3) True
(2, 3, 1, 1, 4) True
(2, 3, 1, 2, 1) False
(2, 3, 1, 2, 2) False
(2, 3, 1, 2, 3) False
(2, 3, 1, 2, 4) False
(2, 3, 1, 3, 1) True
(2, 3, 1, 3, 2) False
(2, 3, 1, 3, 3) True
(2, 3, 1, 3, 4) False
(2, 3, 1, 4, 1) False
(2, 3, 1, 4, 2) False
(2, 3, 1, 4, 3) False
(2, 3, 1, 4, 4) False
(2, 3, 2, 1, 1) True
(2, 3, 2, 1, 2) True
(2, 3, 2, 1, 3) True
(2, 3, 2, 1, 4) True
(2, 3, 2, 2, 1) True
(2, 3, 2, 2, 2) True
(2, 3, 2, 2, 3) True
(2, 3, 2, 2, 4) True
(2, 3, 2, 3, 1) True
(2, 3, 2, 3, 2) True
(2, 3, 2, 3, 3) True
(2, 3, 2, 3, 4) True
(2, 3, 2, 4, 1) True
(2, 3, 2, 4, 2) True
(2, 3, 2, 4, 3) True
(2, 3, 2, 4, 4) True
(2, 3, 3, 1, 1) True
(2, 3, 3, 1, 2) True
(2, 3, 3, 1, 3) True
(2, 3, 3, 1, 4) True
(2, 3, 3, 2, 1) True
(2, 3, 3, 2, 2) True
(2, 3, 3, 2, 3) True
(2, 3, 3, 2, 4) True
(2, 3, 3, 3, 1) True
(2, 3, 3, 3, 2) True
(2, 3, 3, 3, 3) True
(2, 3, 3, 3, 4) True
(2, 3, 3, 4, 1) True
(2, 3, 3, 4, 2) True
(2, 3, 3, 4, 3) True
(2, 3, 3, 4, 4) True
(2, 3, 4, 1, 1) True
(2, 3, 4, 1, 2) False
(2, 3, 4, 1, 3) True
(2, 3, 4, 1, 4) True
(2, 3, 4, 2, 1) True
(2, 3, 4, 2, 2) True
(2, 3, 4, 2, 3) True
(2, 3, 4, 2, 4) True
(2, 3, 4, 3, 1) True
(2, 3, 4, 3, 2) True
(2, 3, 4, 3, 3) True
(2, 3, 4, 3, 4) True
(2, 3, 4, 4, 1) True
(2, 3, 4, 4, 2) True
(2, 3, 4, 4, 3) True
(2, 3, 4, 4, 4) True
(2, 4, 1, 1, 1) True
(2, 4, 1, 1, 2) True
(2, 4, 1, 1, 3) True
(2, 4, 1, 1, 4) True
(2, 4, 1, 2, 1) True
(2, 4, 1, 2, 2) True
(2, 4, 1, 2, 3) True
(2, 4, 1, 2, 4) True
(2, 4, 1, 3, 1) True
(2, 4, 1, 3, 2) True
(2, 4, 1, 3, 3) True
(2, 4, 1, 3, 4) True
(2, 4, 1, 4, 1) True
(2, 4, 1, 4, 2) True
(2, 4, 1, 4, 3) True
(2, 4, 1, 4, 4) True
(2, 4, 2, 1, 1) True
(2, 4, 2, 1, 2) True
(2, 4, 2, 1, 3) True
(2, 4, 2, 1, 4) True
(2, 4, 2, 2, 1) True
(2, 4, 2, 2, 2) True
(2, 4, 2, 2, 3) True
(2, 4, 2, 2, 4) True
(2, 4, 2, 3, 1) True
(2, 4, 2, 3, 2) True
(2, 4, 2, 3, 3) True
(2, 4, 2, 3, 4) True
(2, 4, 2, 4, 1) True
(2, 4, 2, 4, 2) True
(2, 4, 2, 4, 3) True
(2, 4, 2, 4, 4) True
(2, 4, 3, 1, 1) True
(2, 4, 3, 1, 2) False
(2, 4, 3, 1, 3) True
(2, 4, 3, 1, 4) False
(2, 4, 3, 2, 1) True
(2, 4, 3, 2, 2) True
(2, 4, 3, 2, 3) True
(2, 4, 3, 2, 4) True
(2, 4, 3, 3, 1) True
(2, 4, 3, 3, 2) True
(2, 4, 3, 3, 3) True
(2, 4, 3, 3, 4) True
(2, 4, 3, 4, 1) True
(2, 4, 3, 4, 2) True
(2, 4, 3, 4, 3) True
(2, 4, 3, 4, 4) True
(2, 4, 4, 1, 1) True
(2, 4, 4, 1, 2) True
(2, 4, 4, 1, 3) True
(2, 4, 4, 1, 4) True
(2, 4, 4, 2, 1) True
(2, 4, 4, 2, 2) True
(2, 4, 4, 2, 3) True
(2, 4, 4, 2, 4) True
(2, 4, 4, 3, 1) True
(2, 4, 4, 3, 2) True
(2, 4, 4, 3, 3) True
(2, 4, 4, 3, 4) True
(2, 4, 4, 4, 1) True
(2, 4, 4, 4, 2) True
(2, 4, 4, 4, 3) True
(2, 4, 4, 4, 4) True
(3, 1, 1, 1, 1) True
(3, 1, 1, 1, 2) True
(3, 1, 1, 1, 3) True
(3, 1, 1, 1, 4) True
(3, 1, 1, 2, 1) True
(3, 1, 1, 2, 2) True
(3, 1, 1, 2, 3) True
(3, 1, 1, 2, 4) True
(3, 1, 1, 3, 1) True
(3, 1, 1, 3, 2) True
(3, 1, 1, 3, 3) True
(3, 1, 1, 3, 4) True
(3, 1, 1, 4, 1) True
(3, 1, 1, 4, 2) True
(3, 1, 1, 4, 3) True
(3, 1, 1, 4, 4) True
(3, 1, 2, 1, 1) True
(3, 1, 2, 1, 2) True
(3, 1, 2, 1, 3) True
(3, 1, 2, 1, 4) True
(3, 1, 2, 2, 1) True
(3, 1, 2, 2, 2) True
(3, 1, 2, 2, 3) True
(3, 1, 2, 2, 4) True
(3, 1, 2, 3, 1) True
(3, 1, 2, 3, 2) True
(3, 1, 2, 3, 3) True
(3, 1, 2, 3, 4) True
(3, 1, 2, 4, 1) True
(3, 1, 2, 4, 2) True
(3, 1, 2, 4, 3) True
(3, 1, 2, 4, 4) True
(3, 1, 3, 1, 1) True
(3, 1, 3, 1, 2) True
(3, 1, 3, 1, 3) True
(3, 1, 3, 1, 4) True
(3, 1, 3, 2, 1) True
(3, 1, 3, 2, 2) True
(3, 1, 3, 2, 3) True
(3, 1, 3, 2, 4) True
(3, 1, 3, 3, 1) True
(3, 1, 3, 3, 2) True
(3, 1, 3, 3, 3) True
(3, 1, 3, 3, 4) True
(3, 1, 3, 4, 1) True
(3, 1, 3, 4, 2) True
(3, 1, 3, 4, 3) True
(3, 1, 3, 4, 4) True
(3, 1, 4, 1, 1) True
(3, 1, 4, 1, 2) True
(3, 1, 4, 1, 3) True
(3, 1, 4, 1, 4) True
(3, 1, 4, 2, 1) True
(3, 1, 4, 2, 2) True
(3, 1, 4, 2, 3) True
(3, 1, 4, 2, 4) True
(3, 1, 4, 3, 1) True
(3, 1, 4, 3, 2) True
(3, 1, 4, 3, 3) True
(3, 1, 4, 3, 4) True
(3, 1, 4, 4, 1) True
(3, 1, 4, 4, 2) True
(3, 1, 4, 4, 3) True
(3, 1, 4, 4, 4) True
(3, 2, 1, 1, 1) True
(3, 2, 1, 1, 2) True
(3, 2, 1, 1, 3) True
(3, 2, 1, 1, 4) True
(3, 2, 1, 2, 1) True
(3, 2, 1, 2, 2) True
(3, 2, 1, 2, 3) True
(3, 2, 1, 2, 4) True
(3, 2, 1, 3, 1) True
(3, 2, 1, 3, 2) True
(3, 2, 1, 3, 3) True
(3, 2, 1, 3, 4) True
(3, 2, 1, 4, 1) True
(3, 2, 1, 4, 2) True
(3, 2, 1, 4, 3) True
(3, 2, 1, 4, 4) True
(3, 2, 2, 1, 1) True
(3, 2, 2, 1, 2) True
(3, 2, 2, 1, 3) True
(3, 2, 2, 1, 4) True
